mass        : 0.91
gra         : 9.81
hov_percent : 0.148406   # Thrust percentage in Stabilize/Arco mode
#hov_percent : 0.00446
full_thrust : 66.102448   # Real net thrust(unit:N) in 100% thrust percentage
#full_thrust: 1979.86
ctrl_rate   : 100.0

pxy_error_max: 0.6
vxy_error_max: 1.0
pz_error_max: 0.3
vz_error_max: 1.0
yaw_error_max: 0.7

use_yaw_rate_ctrl: false
perform_aerodynamics_compensation: false

hover:
    use_hov_percent_kf: true
    percent_lower_limit: 0.00
    percent_higher_limit: 100000

gain:
    track:
        Kp_gain: 1.5
        thresh: 0.1
        Kp0: 1.0 #1.5
        Kp1: 1.0 #5
        Kp2: 1.2
        Kpd0: 0.0
        Kpd1: 0.0
        Kpd2: 0.0
        Kv0: 1.1 #6
        Kv1: 1.1 #6
        Kv2: 1.5 #6
        Kvi0: 0.0
        Kvi1: 0.0
        Kvi2: 0.0
        Kvd0: 0.2
        Kvd1: 0.2
        Kvd2: 0.15
        Ka0: 0.8 #1.0
        Ka1: 1.0
        Ka2: 1.2
        Kyaw: 5.0 # 15.0
        Krp: 6.0 #25 #10.0
        Kdrp: 0.2 #25 #0.5
        Kdyaw: 0.5 #25
        Kyawd: 5.0 #10.0
        Krpd: 12.0

msg_timeout:
    odom: 0.5
    rc:   0.5
    cmd:  0.5
    imu:  0.5

pwm_param:
    C_t: 0.000367717
    C_M: 4.888486e-6
    arm_length:  0.18 # m
    
    sqrtpwm2rads: 1159.74
    Ixx: 0.0046890742
    Iyy: 0.0069312
    Izz: 0.010421166